# Nquarks <Q2>        <p-q>       <Q3>
    0     0.00000    0.00000     0.00000
    1     1.33333    1.00000     1.11111
    2     2.66667    1.00000     2.22222
    3     4.00000    1.11111     3.33333
    4     5.33333    1.11111     4.44444
    5     6.66667    1.14815     5.55556
    6     8.00000    1.15638     6.66667
    7     9.33333    1.16872     7.77778
    8    10.66667    1.17695     8.88889
    9    12.00000    1.18351    10.00000
   10    13.33333    1.18869    11.11111
   11    14.66667    1.19331    12.22222
   12    16.00000    1.19696    13.33333
   13    17.33333    1.20012    14.44444
   14    18.66667    1.20293    15.55556
   15    20.00000    1.20530    16.66667
   16    21.33333    1.20740    17.77778
   17    22.66667    1.20930    18.88889
   18    24.00000    1.21095    20.00000
   19    25.33333    1.21245    21.11111
